bay-area	MULTIPOLYGON (((-122.538 37.792, -122.490 37.818, -122.472 37.818, -122.408 37.842, -122.373 37.885, -122.267 37.908, -122.240 37.925, -122.184 37.878, -122.080 37.739, -122.204 37.684, -122.402 37.707, -122.519 37.708, -122.538 37.792)), ((-122.164 37.455, -122.177 37.450, -122.195 37.428, -122.200 37.423, -122.217 37.422, -122.224 37.419, -122.208 37.411, -122.191 37.406, -122.177 37.392, -122.165 37.387, -122.153 37.387, -122.151 37.392, -122.129 37.401, -122.123 37.410, -122.119 37.414, -122.140 37.429, -122.133 37.436, -122.164 37.455)), ((-121.990 37.432, -122.074 37.413, -122.065 37.330, -122.069 37.274, -122.063 37.244, -122.046 37.218, -121.999 37.198, -121.922 37.194, -121.787 37.185, -121.743 37.218, -121.725 37.266, -121.755 37.332, -121.803 37.396, -121.870 37.449, -121.990 37.432)))
east-texas	POLYGON ((-99.82 34.12, -99.82 26.96, -93.51 26.96, -93.51 34.12, -99.82 34.12))
portland	MULTIPOLYGON (((-122.754 45.648, -122.711 45.635, -122.677 45.617, -122.640 45.609, -122.603 45.606, -122.487 45.581, -122.436 45.566, -122.411 45.568, -122.380 45.573, -122.352 45.568, -122.337 45.552, -122.310 45.546, -122.250 45.550, -122.202 45.559, -122.256 45.378, -122.397 45.259, -122.692 45.214, -123.024 45.265, -123.176 45.388, -123.172 45.546, -123.010 45.660, -122.774 45.682, -122.754 45.648)))
markus-stockholm	POLYGON ((17.943 59.277, 17.946 59.354, 18.165 59.351, 18.152 59.301, 17.943 59.277))
kate-sumbawa	POLYGON ((119.399 -8.711, 119.180 -7.537, 116.587 -8.233, 116.895 -9.319, 118.521 -9.319, 119.399 -8.711))
thomas-baja	POLYGON ((19.567 46.152, 18.990 45.881, 19.160 45.324, 19.605 45.312, 19.594 45.559, 20.089 45.574, 20.099 45.053, 20.391 45.107, 20.698 44.898, 20.781 44.703, 21.286 44.835, 21.368 44.886, 21.533 44.886, 21.506 45.204, 20.775 45.471, 20.726 45.751, 20.237 46.129, 19.951 46.175, 19.786 46.129, 19.567 46.152))
jonathan-guildford	POLYGON ((-0.602 51.272, -0.538 51.274, -0.514 51.239, -0.567 51.214, -0.602 51.218, -0.630 51.244, -0.602 51.272))
josh-fairfax	POLYGON ((-77.114 38.931, -77.148 38.970, -77.219 38.974, -77.245 38.994, -77.234 39.029, -77.327 39.065, -77.542 38.844, -77.492 38.793, -77.442 38.792, -77.434 38.775, -77.409 38.739, -77.395 38.740, -77.373 38.705, -77.353 38.718, -77.318 38.694, -77.302 38.701, -77.263 38.682, -77.222 38.648, -77.204 38.610, -77.126 38.634, -77.116 38.682, -77.040 38.713, -77.032 38.875, -77.114 38.931))
martin-roma	POLYGON ((11.435 42.351, 11.608 42.532, 11.935 42.453, 12.240 42.264, 12.454 42.054, 12.334 41.907, 12.119 41.807, 11.816 42.030, 11.435 42.351))
kd-hilders	POLYGON ((9.980 50.531, 9.975 50.548, 9.992 50.581, 10.010 50.583, 10.019 50.553, 9.999 50.535, 9.980 50.531))
jcz-casablanca	POLYGON ((-71.529 -33.223, -71.542 -33.390, -71.433 -33.459, -71.318 -33.451, -71.220 -33.356, -71.289 -33.190, -71.385 -33.165, -71.450 -33.185, -71.529 -33.223))
mvexel-slc	POLYGON ((-112.115 40.824, -111.912 40.950, -111.736 40.865, -111.717 40.567, -111.920 40.369, -112.409 40.501, -112.390 40.651, -112.115 40.824))
pp-nepal    POLYGON ((81.343 30.562, 80.266 29.869, 79.958 28.835, 81.727 27.878, 83.408 27.264, 84.177 27.352, 84.639 26.961, 86.199 26.372, 88.176 26.343, 88.242 27.888, 85.221 28.430, 85.298 28.681, 85.023 28.748, 84.924 28.671, 84.320 28.941, 84.221 29.267, 83.881 29.411, 83.606 29.382, 82.266 30.155, 82.233 30.363, 81.354 30.562, 81.310 30.572, 81.343 30.562))
gr-luxembourg   POLYGON ((5.955 50.196, 6.169 50.165, 6.136 50.059, 6.191 49.992, 6.265 49.914, 6.375 49.863, 6.471 49.834, 6.548 49.817, 6.518 49.696, 6.400 49.584, 6.386 49.443, 6.240 49.493, 6.185 49.491, 6.081 49.434, 5.971 49.441, 5.839 49.498, 5.773 49.557, 5.853 49.655, 5.782 49.774, 5.710 49.820, 5.710 49.896, 5.795 49.994, 5.955 50.196))
sj-washington-dc    POLYGON ((-77.035 38.780, -77.191 38.784, -77.241 38.815, -77.242 38.860, -77.238 38.926, -77.216 38.974, -77.182 38.997, -77.128 38.986, -77.065 38.930, -76.980 38.881, -76.869 38.820, -76.954 38.805, -76.956 38.805, -77.035 38.780))
th-jalalabad1   POLYGON ((70.620 34.705, 70.252 34.647, 69.807 34.355, 69.818 34.128, 70.200 34.044, 70.431 34.016, 70.867 33.984, 71.062 34.107, 71.106 34.196, 71.051 34.391, 70.972 34.529, 70.887 34.570, 70.620 34.705))
th-jalalabad2   POLYGON ((70.643 34.456, 70.573 34.471, 70.491 34.487, 70.444 34.461, 70.390 34.462, 70.365 34.494, 70.337 34.462, 70.291 34.445, 70.284 34.417, 70.305 34.384, 70.337 34.394, 70.388 34.405, 70.424 34.400, 70.403 34.358, 70.389 34.329, 70.394 34.304, 70.424 34.313, 70.444 34.346, 70.458 34.358, 70.494 34.356, 70.521 34.371, 70.551 34.393, 70.562 34.427, 70.565 34.441, 70.602 34.447, 70.643 34.456))
th-afghanistan  POLYGON ((75.190 37.614, 71.851 37.125, 71.719 38.720, 70.356 38.307, 69.126 37.614, 67.939 37.579, 65.039 37.753, 63.940 36.386, 62.622 35.675, 61.040 35.889, 59.810 33.358, 60.645 29.612, 63.062 28.960, 65.347 28.960, 67.280 29.306, 67.280 30.827, 68.730 31.466, 69.741 31.203, 70.093 31.878, 70.093 32.621, 71.279 33.651, 71.938 34.633, 71.719 36.031, 75.190 37.614))
th-bamyan   POLYGON ((67.827 34.847, 67.762 34.841, 67.758 34.808, 67.807 34.785, 67.862 34.784, 67.867 34.802, 67.866 34.827, 67.864 34.836, 67.827 34.847))
kk-seattle  POLYGON ((-122.431 47.679, -122.255 47.668, -122.279 47.573, -122.361 47.592, -122.447 47.665, -122.431 47.679))
